64
184
534
635
754
136
508
765
378
87
200
787
13
607
380
54
544
870
560
197
447
73
611
269
945
350
150
201
570
573
181
134
699
404
290
282
555
361
930
929
0
881
997
756
143
348
196
234
232
260
851
605
233
938
537
939
327
193
386
246
603
996
245
928
770
501
211
191
248
654
101
596
415
127
289
905
621
354
317
701
352
77
120
194
365
422
671
673
423
849
884
995
779
717
578
395
321
216
299
513
957
202
8
353
848
803
720
716
842
377
66
741
307
964
185
497
226
878
584
530
47
424
590
553
455
750
279
586
813
277
531
843
210
25
539
500
107
137
689
346
157
79
837
23
862
808
572
906
606
704
991
21
238
264
726
719
845
799
625
360
375
802
29
702
179
472
85
469
631
895
231
470
520
86
443
566
747
615
956
558
739
521
675
441
977
369
490
762
869
467
247
679
599
189
89
286
516
805
512
335
810
358
616
695
63
19
258
105
806
259
733
639
593
376
975
665
970
963
296
744
190
5
221
859
528
4
511
926
453
953
911
880
644
535
886
344
567
42
237
978
402
742
783
920
992
797
917
551
166
398
116
922
76
158
359
818
844
816
927
371
140
944
408
206
228
941
525
901
918
159
734
668
776
680
263
526
619
401
678
48
151
952
235
481
34
409
250
15
777
6
962
812
12
454
123
288
967
981
479
239
624
148
388
504
153
858
932
421
81
17
809
171
482
391
251
209
336
465
947
122
627
820
946
473
466
814
126
811
99
207
916
743
476
653
503
217
24
985
581
109
219
276
642
974
594
35
1
640
450
546
138
829
323
41
582
670
609
489
753
131
405
853
266
382
683
119
707
598
52
31
449
784
524
828
295
331
172
821
458
861
106
749
243
882
427
58
495
347
569
218
592
320
46
7
737
685
96
163
651
379
499
798
483
641
897
623
491
311
935
486
958
412
337
830
253
173
900
342
70
141
864
506
559
413
988
713
591
568
823
152
305
240
448
725
545
577
397
815
781
373
795
463
841
372
121
509
948
541
68
478
846
676
431
244
146
59
854
303
319
440
937
597
863
214
155
602
718
268
67
477
74
494
552
690
45
835
879
393
940
890
80
72
98
28
850
322
785
914
731
22
425
876
9
273
786
540
660
626
760
722
2
936
982
50
585
794
933
457
822
313
792
461
3
10
11
14
16
18
20
26
27
30
32
33
36
37
38
39
40
43
44
49
51
53
55
56
57
60
61
62
65
69
71
75
78
82
83
84
88
90
91
92
93
94
95
97
100
102
103
104
108
110
111
112
113
114
115
117
118
124
125
128
129
130
132
133
135
139
142
144
145
147
149
154
156
160
161
162
164
165
167
168
169
170
174
175
176
177
178
180
182
183
186
187
188
192
195
198
199
203
204
205
208
212
213
215
220
222
223
224
225
227
229
230
236
241
242
249
252
254
255
256
257
261
262
265
267
270
271
272
274
275
278
280
281
283
284
285
287
291
292
293
294
297
298
300
301
302
304
306
308
309
310
312
314
315
316
318
324
325
326
328
329
330
332
333
334
338
339
340
341
343
345
349
351
355
356
357
362
363
364
366
367
368
370
374
381
383
384
385
387
389
390
392
394
396
399
400
403
406
407
410
411
414
416
417
418
419
420
426
428
429
430
432
433
434
435
436
437
438
439
442
444
445
446
451
452
456
459
460
462
464
468
471
474
475
480
484
485
487
488
492
493
496
498
502
505
507
510
514
515
517
518
519
522
523
527
529
532
533
536
538
542
543
547
548
549
550
554
556
557
561
562
563
564
565
571
574
575
576
579
580
583
587
588
589
595
600
601
604
608
610
612
613
614
617
618
620
622
628
629
630
632
633
634
636
637
638
643
645
646
647
648
649
650
652
655
656
657
658
659
661
662
663
664
666
667
669
672
674
677
681
682
684
686
687
688
691
692
693
694
696
697
698
700
703
705
706
708
709
710
711
712
714
715
721
723
724
727
728
729
730
732
735
736
738
740
745
746
748
751
752
755
757
758
759
761
763
764
766
767
768
769
771
772
773
774
775
778
780
782
788
789
790
791
793
796
800
801
804
807
817
819
824
825
826
827
831
832
833
834
836
838
839
840
847
852
855
856
857
860
865
866
867
868
871
872
873
874
875
877
883
885
887
888
889
891
892
893
894
896
898
899
902
903
904
907
908
909
910
912
913
915
919
921
923
924
925
931
934
942
943
949
950
951
954
955
959
960
961
965
966
968
969
971
972
973
976
979
980
983
984
986
987
989
990
993
994
998
999
