561
1009
351
1760
626
1917
1079
1684
972
131
1959
1421
288
969
2969
1645
1762
1479
1086
390
2941
580
2497
1224
1302
1716
577
396
546
699
555
1384
695
2093
515
1442
1987
2120
2235
673
1898
228
109
168
2408
2846
2538
217
1557
385
2780
2179
1261
2968
1062
2273
709
832
7
1924
815
1962
220
2302
2112
1090
686
2246
1676
947
1515
2420
2659
890
2178
320
533
2295
2509
1448
2485
1737
791
358
1948
1154
1140
1583
3
1432
1299
2243
575
1227
2879
1268
717
21
1017
2437
63
1389
75
979
1893
2926
869
419
102
1827
2514
518
1721
405
1790
2560
2639
1663
83
366
1622
1702
1566
2653
1865
2287
2150
2747
2375
683
1654
2172
1160
870
1328
873
2390
928
5
25
2296
737
633
66
200
246
1516
1889
466
1860
2929
2609
418
387
1105
2173
1894
733
826
828
2393
2938
14
197
2838
679
2518
1619
884
1562
730
2849
2224
2358
1947
2469
1508
1554
1650
2356
1377
254
184
2664
1956
879
2407
2396
921
2000
221
1163
1478
1540
784
2332
2856
2660
334
2415
1308
11
734
411
1028
214
738
749
2692
965
2202
1312
2190
1979
1528
501
843
175
1776
621
2089
901
1290
316
2454
2323
261
567
16
433
2695
1791
2545
2753
1056
1024
1792
1620
2252
2816
80
2204
287
1996
2222
2401
289
2922
1102
659
404
2888
2284
1630
1596
412
2232
2699
2658
1916
1821
430
1205
1323
899
622
2081
1951
398
792
846
199
282
1356
1848
1601
1383
1344
2337
192
1661
1648
990
1437
242
2406
1592
187
2134
152
1551
2989
2999
266
68
2331
1844
1833
2727
209
974
1354
447
2640
1519
666
1298
2768
2118
2693
2051
656
2611
1624
342
164
1586
253
2340
2510
299
1164
326
2361
2557
1353
1398
1758
2884
2534
671
18
1343
2280
1026
2013
2632
225
1240
2244
1443
2075
1998
1388
1275
998
1809
985
1984
57
2800
2049
865
2245
1321
1216
1033
2517
132
620
2934
2352
2644
298
2951
1153
2044
2586
2003
94
1103
375
335
2504
2102
336
1376
6
99
2605
2621
2027
204
2076
2867
71
2018
2638
2371
1626
720
819
140
338
2333
864
1338
1071
670
2074
1964
1466
2163
1942
589
1913
1340
2711
104
2161
2613
1500
1296
1819
343
909
2703
1880
2598
1666
2381
579
1283
1166
2923
836
2822
2449
203
1258
2529
2196
982
618
955
796
804
1878
1598
392
2319
169
1440
1221
1892
1438
2169
40
625
1937
2729
1587
2599
2382
1019
1104
2065
2294
1665
386
861
2440
2852
2871
1063
2139
189
2748
2288
2444
1541
44
2668
2316
331
1649
117
1018
48
177
2994
838
1252
1141
1946
136
1010
1977
2734
2073
929
2315
2965
1182
1300
2060
2457
2627
429
1636
1202
1707
2525
2464
1446
1136
165
2527
574
1471
2911
1395
2610
830
341
2142
2997
2171
2278
1506
1003
1282
2372
795
1533
1805
1920
735
2495
269
154
2475
1811
560
2026
272
1753
1146
205
1049
1280
1935
756
605
1043
1514
268
1643
2279
718
116
2602
1591
277
41
530
2424
84
2523
637
1022
635
2756
259
1503
1055
2225
1723
2261
803
1265
1267
943
594
2878
81
2847
1477
927
2743
2283
2314
2011
2870
967
743
1895
895
278
2616
762
2217
2623
788
1274
2898
544
1588
403
2511
2952
1761
2775
2122
789
383
2872
70
1276
711
2886
183
297
291
534
2714
38
2973
2104
2327
1423
256
448
1949
158
2589
2242
2845
1976
658
664
147
90
2311
994
1930
1092
2508
1768
2158
1407
2033
1672
290
1497
2925
106
726
2539
570
807
824
2904
394
1669
2832
2901
1139
2806
2595
2476
668
1812
612
362
1347
1958
1918
812
227
2140
1481
129
849
1424
1709
775
2467
2697
1143
2592
2786
913
1739
1704
1124
983
2478
805
1381
529
649
13
2429
1637
2088
2646
2473
2751
2641
1534
2183
2811
2067
1933
1081
2804
379
1405
1277
1595
1846
1151
2798
1186
2050
2942
1058
722
2584
1899
1278
1165
1047
790
2642
243
1239
731
216
247
2351
988
898
1919
766
1214
1923
950
1549
702
2247
1687
438
488
1749
245
2713
2667
1370
2462
330
996
1782
2463
2543
572
408
2981
1799
2502
1575
1404
503
1112
2717
1074
2045
2223
1002
2234
1125
2742
2320
932
2662
2980
2815
2587
1254
1273
939
2123
783
97
2853
2398
1978
2868
384
1517
1358
1907
905
2209
191
2136
705
69
2012
835
2387
2676
538
2530
1881
2347
1606
372
1801
2684
1327
1445
1610
2774
904
1775
1291
2887
333
115
206
1830
2114
1390
250
2274
1820
2394
1874
1545
2119
1982
2591
1380
1408
1132
1929
1537
1293
2705
2265
233
713
1078
1940
2896
2749
2650
1748
837
2740
37
2343
332
2342
1357
2291
2812
2023
2380
729
440
1492
45
687
2918
571
742
2214
2031
363
2614
1430
304
2512
1854
413
2466
1225
436
1866
1553
1857
212
1858
715
1476
1337
207
634
1264
1096
2679
2728
1394
2353
2920
2551
2499
1490
596
2339
174
755
1106
2400
1834
1133
210
888
645
2860
1468
2034
2338
1543
2313
380
1785
1856
2054
1912
818
1522
1710
2101
1800
328
43
907
1911
91
568
1032
469
767
349
498
2103
1457
2203
1482
1570
340
1745
1134
2788
17
319
2581
2733
2266
2192
2162
300
1196
553
2954
1688
1585
1568
2876
2362
2255
1900
1232
388
52
1360
2661
490
1690
281
2487
1966
924
453
2249
1374
2841
20
1007
2794
844
2490
2377
610
1011
1183
1420
2702
31
2864
2862
1040
142
2419
1563
1628
1004
1509
2363
93
1535
2017
2124
2716
2133
1729
105
2480
1307
311
2187
1403
2146
906
1213
1
874
2370
2944
1814
2271
2563
2689
1493
1287
1167
119
2932
2349
1349
374
23
1230
1272
1241
2395
506
1137
1469
1375
2877
850
2909
108
2776
559
2434
248
856
2637
999
557
2166
1955
2155
1599
2117
1546
949
2057
2210
763
2917
399
1840
425
1091
2880
806
1020
1260
1416
2793
1084
719
1259
2522
665
2708
443
1787
1886
224
539
321
2175
1691
2840
1701
237
2391
2674
957
747
2790
2519
1093
829
516
1945
1077
2829
1335
2943
2630
1505
527
2004
1116
2240
562
2919
1974
2690
2200
891
2930
2546
0
2
4
8
9
10
12
15
19
22
24
26
27
28
29
30
32
33
34
35
36
39
42
46
47
49
50
51
53
54
55
56
58
59
60
61
62
64
65
67
72
73
74
76
77
78
79
82
85
86
87
88
89
92
95
96
98
100
101
103
107
110
111
112
113
114
118
120
121
122
123
124
125
126
127
128
130
133
134
135
137
138
139
141
143
144
145
146
148
149
150
151
153
155
156
157
159
160
161
162
163
166
167
170
171
172
173
176
178
179
180
181
182
185
186
188
190
193
194
195
196
198
201
202
208
211
213
215
218
219
222
223
226
229
230
231
232
234
235
236
238
239
240
241
244
249
251
252
255
257
258
260
262
263
264
265
267
270
271
273
274
275
276
279
280
283
284
285
286
292
293
294
295
296
301
302
303
305
306
307
308
309
310
312
313
314
315
317
318
322
323
324
325
327
329
337
339
344
345
346
347
348
350
352
353
354
355
356
357
359
360
361
364
365
367
368
369
370
371
373
376
377
378
381
382
389
391
393
395
397
400
401
402
406
407
409
410
414
415
416
417
420
421
422
423
424
426
427
428
431
432
434
435
437
439
441
442
444
445
446
449
450
451
452
454
455
456
457
458
459
460
461
462
463
464
465
467
468
470
471
472
473
474
475
476
477
478
479
480
481
482
483
484
485
486
487
489
491
492
493
494
495
496
497
499
500
502
504
505
507
508
509
510
511
512
513
514
517
519
520
521
522
523
524
525
526
528
531
532
535
536
537
540
541
542
543
545
547
548
549
550
551
552
554
556
558
563
564
565
566
569
573
576
578
581
582
583
584
585
586
587
588
590
591
592
593
595
597
598
599
600
601
602
603
604
606
607
608
609
611
613
614
615
616
617
619
623
624
627
628
629
630
631
632
636
638
639
640
641
642
643
644
646
647
648
650
651
652
653
654
655
657
660
661
662
663
667
669
672
674
675
676
677
678
680
681
682
684
685
688
689
690
691
692
693
694
696
697
698
700
701
703
704
706
707
708
710
712
714
716
721
723
724
725
727
728
732
736
739
740
741
744
745
746
748
750
751
752
753
754
757
758
759
760
761
764
765
768
769
770
771
772
773
774
776
777
778
779
780
781
782
785
786
787
793
794
797
798
799
800
801
802
808
809
810
811
813
814
816
817
820
821
822
823
825
827
831
833
834
839
840
841
842
845
847
848
851
852
853
854
855
857
858
859
860
862
863
866
867
868
871
872
875
876
877
878
880
881
882
883
885
886
887
889
892
893
894
896
897
900
902
903
908
910
911
912
914
915
916
917
918
919
920
922
923
925
926
930
931
933
934
935
936
937
938
940
941
942
944
945
946
948
951
952
953
954
956
958
959
960
961
962
963
964
966
968
970
971
973
975
976
977
978
980
981
984
986
987
989
991
992
993
995
997
1000
1001
1005
1006
1008
1012
1013
1014
1015
1016
1021
1023
1025
1027
1029
1030
1031
1034
1035
1036
1037
1038
1039
1041
1042
1044
1045
1046
1048
1050
1051
1052
1053
1054
1057
1059
1060
1061
1064
1065
1066
1067
1068
1069
1070
1072
1073
1075
1076
1080
1082
1083
1085
1087
1088
1089
1094
1095
1097
1098
1099
1100
1101
1107
1108
1109
1110
1111
1113
1114
1115
1117
1118
1119
1120
1121
1122
1123
1126
1127
1128
1129
1130
1131
1135
1138
1142
1144
1145
1147
1148
1149
1150
1152
1155
1156
1157
1158
1159
1161
1162
1168
1169
1170
1171
1172
1173
1174
1175
1176
1177
1178
1179
1180
1181
1184
1185
1187
1188
1189
1190
1191
1192
1193
1194
1195
1197
1198
1199
1200
1201
1203
1204
1206
1207
1208
1209
1210
1211
1212
1215
1217
1218
1219
1220
1222
1223
1226
1228
1229
1231
1233
1234
1235
1236
1237
1238
1242
1243
1244
1245
1246
1247
1248
1249
1250
1251
1253
1255
1256
1257
1262
1263
1266
1269
1270
1271
1279
1281
1284
1285
1286
1288
1289
1292
1294
1295
1297
1301
1303
1304
1305
1306
1309
1310
1311
1313
1314
1315
1316
1317
1318
1319
1320
1322
1324
1325
1326
1329
1330
1331
1332
1333
1334
1336
1339
1341
1342
1345
1346
1348
1350
1351
1352
1355
1359
1361
1362
1363
1364
1365
1366
1367
1368
1369
1371
1372
1373
1378
1379
1382
1385
1386
1387
1391
1392
1393
1396
1397
1399
1400
1401
1402
1406
1409
1410
1411
1412
1413
1414
1415
1417
1418
1419
1422
1425
1426
1427
1428
1429
1431
1433
1434
1435
1436
1439
1441
1444
1447
1449
1450
1451
1452
1453
1454
1455
1456
1458
1459
1460
1461
1462
1463
1464
1465
1467
1470
1472
1473
1474
1475
1480
1483
1484
1485
1486
1487
1488
1489
1491
1494
1495
1496
1498
1499
1501
1502
1504
1507
1510
1511
1512
1513
1518
1520
1521
1523
1524
1525
1526
1527
1529
1530
1531
1532
1536
1538
1539
1542
1544
1547
1548
1550
1552
1555
1556
1558
1559
1560
1561
1564
1565
1567
1569
1571
1572
1573
1574
1576
1577
1578
1579
1580
1581
1582
1584
1589
1590
1593
1594
1597
1600
1602
1603
1604
1605
1607
1608
1609
1611
1612
1613
1614
1615
1616
1617
1618
1621
1623
1625
1627
1629
1631
1632
1633
1634
1635
1638
1639
1640
1641
1642
1644
1646
1647
1651
1652
1653
1655
1656
1657
1658
1659
1660
1662
1664
1667
1668
1670
1671
1673
1674
1675
1677
1678
1679
1680
1681
1682
1683
1685
1686
1689
1692
1693
1694
1695
1696
1697
1698
1699
1700
1703
1705
1706
1708
1711
1712
1713
1714
1715
1717
1718
1719
1720
1722
1724
1725
1726
1727
1728
1730
1731
1732
1733
1734
1735
1736
1738
1740
1741
1742
1743
1744
1746
1747
1750
1751
1752
1754
1755
1756
1757
1759
1763
1764
1765
1766
1767
1769
1770
1771
1772
1773
1774
1777
1778
1779
1780
1781
1783
1784
1786
1788
1789
1793
1794
1795
1796
1797
1798
1802
1803
1804
1806
1807
1808
1810
1813
1815
1816
1817
1818
1822
1823
1824
1825
1826
1828
1829
1831
1832
1835
1836
1837
1838
1839
1841
1842
1843
1845
1847
1849
1850
1851
1852
1853
1855
1859
1861
1862
1863
1864
1867
1868
1869
1870
1871
1872
1873
1875
1876
1877
1879
1882
1883
1884
1885
1887
1888
1890
1891
1896
1897
1901
1902
1903
1904
1905
1906
1908
1909
1910
1914
1915
1921
1922
1925
1926
1927
1928
1931
1932
1934
1936
1938
1939
1941
1943
1944
1950
1952
1953
1954
1957
1960
1961
1963
1965
1967
1968
1969
1970
1971
1972
1973
1975
1980
1981
1983
1985
1986
1988
1989
1990
1991
1992
1993
1994
1995
1997
1999
2001
2002
2005
2006
2007
2008
2009
2010
2014
2015
2016
2019
2020
2021
2022
2024
2025
2028
2029
2030
2032
2035
2036
2037
2038
2039
2040
2041
2042
2043
2046
2047
2048
2052
2053
2055
2056
2058
2059
2061
2062
2063
2064
2066
2068
2069
2070
2071
2072
2077
2078
2079
2080
2082
2083
2084
2085
2086
2087
2090
2091
2092
2094
2095
2096
2097
2098
2099
2100
2105
2106
2107
2108
2109
2110
2111
2113
2115
2116
2121
2125
2126
2127
2128
2129
2130
2131
2132
2135
2137
2138
2141
2143
2144
2145
2147
2148
2149
2151
2152
2153
2154
2156
2157
2159
2160
2164
2165
2167
2168
2170
2174
2176
2177
2180
2181
2182
2184
2185
2186
2188
2189
2191
2193
2194
2195
2197
2198
2199
2201
2205
2206
2207
2208
2211
2212
2213
2215
2216
2218
2219
2220
2221
2226
2227
2228
2229
2230
2231
2233
2236
2237
2238
2239
2241
2248
2250
2251
2253
2254
2256
2257
2258
2259
2260
2262
2263
2264
2267
2268
2269
2270
2272
2275
2276
2277
2281
2282
2285
2286
2289
2290
2292
2293
2297
2298
2299
2300
2301
2303
2304
2305
2306
2307
2308
2309
2310
2312
2317
2318
2321
2322
2324
2325
2326
2328
2329
2330
2334
2335
2336
2341
2344
2345
2346
2348
2350
2354
2355
2357
2359
2360
2364
2365
2366
2367
2368
2369
2373
2374
2376
2378
2379
2383
2384
2385
2386
2388
2389
2392
2397
2399
2402
2403
2404
2405
2409
2410
2411
2412
2413
2414
2416
2417
2418
2421
2422
2423
2425
2426
2427
2428
2430
2431
2432
2433
2435
2436
2438
2439
2441
2442
2443
2445
2446
2447
2448
2450
2451
2452
2453
2455
2456
2458
2459
2460
2461
2465
2468
2470
2471
2472
2474
2477
2479
2481
2482
2483
2484
2486
2488
2489
2491
2492
2493
2494
2496
2498
2500
2501
2503
2505
2506
2507
2513
2515
2516
2520
2521
2524
2526
2528
2531
2532
2533
2535
2536
2537
2540
2541
2542
2544
2547
2548
2549
2550
2552
2553
2554
2555
2556
2558
2559
2561
2562
2564
2565
2566
2567
2568
2569
2570
2571
2572
2573
2574
2575
2576
2577
2578
2579
2580
2582
2583
2585
2588
2590
2593
2594
2596
2597
2600
2601
2603
2604
2606
2607
2608
2612
2615
2617
2618
2619
2620
2622
2624
2625
2626
2628
2629
2631
2633
2634
2635
2636
2643
2645
2647
2648
2649
2651
2652
2654
2655
2656
2657
2663
2665
2666
2669
2670
2671
2672
2673
2675
2677
2678
2680
2681
2682
2683
2685
2686
2687
2688
2691
2694
2696
2698
2700
2701
2704
2706
2707
2709
2710
2712
2715
2718
2719
2720
2721
2722
2723
2724
2725
2726
2730
2731
2732
2735
2736
2737
2738
2739
2741
2744
2745
2746
2750
2752
2754
2755
2757
2758
2759
2760
2761
2762
2763
2764
2765
2766
2767
2769
2770
2771
2772
2773
2777
2778
2779
2781
2782
2783
2784
2785
2787
2789
2791
2792
2795
2796
2797
2799
2801
2802
2803
2805
2807
2808
2809
2810
2813
2814
2817
2818
2819
2820
2821
2823
2824
2825
2826
2827
2828
2830
2831
2833
2834
2835
2836
2837
2839
2842
2843
2844
2848
2850
2851
2854
2855
2857
2858
2859
2861
2863
2865
2866
2869
2873
2874
2875
2881
2882
2883
2885
2889
2890
2891
2892
2893
2894
2895
2897
2899
2900
2902
2903
2905
2906
2907
2908
2910
2912
2913
2914
2915
2916
2921
2924
2927
2928
2931
2933
2935
2936
2937
2939
2940
2945
2946
2947
2948
2949
2950
2953
2955
2956
2957
2958
2959
2960
2961
2962
2963
2964
2966
2967
2970
2971
2972
2974
2975
2976
2977
2978
2979
2982
2983
2984
2985
2986
2987
2988
2990
2991
2992
2993
2995
2996
2998
