1714
2980
2474
1734
2058
743
2076
834
1939
169
311
840
2362
453
648
2910
901
1135
2011
2202
1099
699
2296
1930
2932
2820
2635
1923
465
907
235
2742
2677
523
2950
1792
189
2428
1804
1677
1911
2894
1156
2915
742
2333
2357
2426
1069
1592
80
2947
2022
1967
867
736
1583
1152
174
974
1461
2123
1569
1784
2144
417
2165
861
2819
2883
2745
2480
715
45
1632
1712
1004
2034
1896
2545
103
1865
2047
1347
908
2400
835
2783
470
2681
1963
1457
1117
486
2473
2875
1240
1998
1537
1316
2807
1444
1126
1682
877
921
1473
2876
2455
1802
1965
2808
1369
200
314
2964
2654
1788
895
711
456
952
918
1103
1776
1146
261
2372
1696
1854
2196
1863
1315
2985
2812
320
2719
2662
906
1764
1348
2140
415
2021
2534
1003
379
2260
1326
1687
2587
1742
611
1831
2990
2098
1513
1252
1402
1779
816
2674
2525
1270
1756
2659
2068
2925
2207
2972
1570
1559
164
763
1365
1175
2504
2997
123
1674
1748
369
1862
2458
1074
946
1310
1541
984
110
710
1020
591
2779
40
1586
2552
1471
732
1043
3
1086
2580
1766
1490
1908
2201
2062
1735
2641
1557
2209
1511
2451
1407
1580
1847
1875
2863
1730
977
2462
2440
2497
2785
1064
2671
539
2108
806
1231
1235
2616
934
2730
2182
2465
1620
322
147
686
275
2309
1115
1563
300
2502
0
2698
1298
2564
1449
336
2892
1026
1785
2179
180
2181
2394
1202
480
1038
1390
1699
87
1321
1626
1944
1379
1285
1799
1581
2627
472
1358
1111
236
1647
776
926
1406
1857
1189
403
2234
768
76
582
2198
447
92
2582
2617
2758
2489
8
299
1838
143
116
1392
509
2515
41
1974
739
2325
2049
2264
1652
1245
622
1223
2992
1435
1753
1825
2350
2069
1672
1619
1413
131
2024
2135
2713
809
145
1125
1498
1294
2762
1018
1561
871
151
2066
2649
1926
438
1425
576
1728
882
2717
758
1068
1157
2887
1594
2625
501
1551
2016
167
2298
2048
1598
365
343
138
2854
89
458
538
900
960
60
1259
1434
2160
2404
2607
603
866
2691
535
2463
1241
812
1424
1133
1150
1771
2166
175
1500
1900
1751
449
2583
2759
182
129
1629
678
2579
2824
2454
166
425
1325
1724
183
2460
2247
1456
2314
2922
2949
1138
2592
2869
1973
2279
1945
132
681
263
1182
2215
2032
2042
2227
1032
975
46
595
2632
2284
99
2952
2734
84
2962
17
679
2902
399
408
902
2294
2704
1713
2895
2903
1791
943
729
2347
2519
801
2573
2290
350
1512
44
1578
65
2488
325
37
1421
1306
837
1571
598
542
225
2602
1904
660
2832
20
1097
268
1479
285
2969
313
1100
1163
1356
421
2289
2365
2666
638
872
1262
2767
297
398
1260
2256
223
2425
2107
127
578
553
564
2983
1952
2322
573
798
1255
1925
2057
2093
1987
1102
2311
1880
773
1239
1400
623
2803
1822
378
1547
2707
2200
442
1732
1015
2977
2686
1554
985
432
2553
1168
2124
2335
2506
341
1410
761
376
1123
2540
1556
1084
1782
2444
2033
217
1691
1342
620
426
585
547
1600
2115
1897
321
640
1597
2513
546
2448
1601
2668
1090
1917
2804
42
2041
1179
1667
2477
2060
1988
1670
1211
1516
128
1602
1299
2245
2835
1323
625
2839
1519
1750
2555
2292
1066
894
2551
2071
54
1850
670
1098
2796
2690
2577
2086
2530
329
2957
559
1726
1382
475
983
1964
2934
2842
1653
1966
1271
948
2446
703
898
2630
2405
724
2843
2111
505
21
2413
862
2913
1263
2927
253
942
2063
90
2891
688
2399
1079
600
1627
1053
1013
1071
1980
811
2731
1768
959
133
1681
2081
899
848
82
298
627
2588
2384
1962
2559
2605
832
2374
2278
1899
1162
1574
720
1460
2858
1324
418
10
1641
2700
2821
2694
2848
2376
108
2929
430
1442
407
2464
1475
38
2802
1114
1941
2237
1137
746
2965
1763
1281
255
909
488
2861
1517
1423
1884
165
2053
243
2331
1690
870
388
1024
793
1789
986
854
1443
2486
194
730
2343
2138
107
2557
2339
1655
1932
2951
74
2037
919
2810
439
1842
2103
1972
28
1159
2956
1878
2235
1217
2373
4
738
1902
615
1482
2447
1668
241
2852
2814
2305
1198
502
1166
2790
2647
1488
69
14
332
1290
2149
2855
1317
2987
890
387
759
1055
232
2569
1701
1590
2816
2728
2620
2381
1373
514
211
754
1272
499
2629
723
1948
1718
2754
2585
2073
1195
1332
2676
850
2859
537
11
2408
2524
1885
1191
2614
1167
2186
1950
904
915
941
1912
16
2896
2661
650
316
1036
1717
338
657
2175
2225
2939
1417
1660
511
2064
2082
939
1017
2739
1088
786
186
1524
2763
1155
209
1200
851
2204
1283
2818
2259
2363
1225
1067
1378
2966
1106
1472
2415
2216
2503
1436
2847
1688
628
1273
791
1054
592
1370
2205
1762
563
2417
196
2143
2236
966
932
244
1575
1942
2708
2578
1264
1008
555
673
1754
2450
2828
2914
2670
708
2768
1022
13
2522
802
1333
1969
1803
1978
2908
2117
2162
2597
469
1869
574
1478
519
468
1127
719
2007
124
1044
1081
2612
122
747
23
549
1164
1986
589
91
333
1909
2841
521
1706
998
1508
2741
422
277
2576
616
1708
2197
1268
382
2110
1539
781
262
1216
579
1937
1960
1328
47
2194
1237
516
1050
962
414
2220
1448
1957
2266
2429
276
2277
1228
12
2825
156
2853
270
994
119
2889
2648
1212
1196
135
170
2
1818
1107
1176
33
2699
2495
1522
2002
157
7
43
2431
2291
956
1220
1006
534
2157
435
1675
765
2971
51
158
67
71
2334
88
572
102
113
1233
424
114
137
2105
324
184
2845
654
125
1501
1199
2249
875
427
229
134
150
2868
205
957
216
171
865
1639
197
1
5
6
9
15
18
19
22
24
25
26
27
29
30
31
32
34
35
36
39
48
49
50
52
53
55
56
57
58
59
61
62
63
64
66
68
70
72
73
75
77
78
79
81
83
85
86
93
94
95
96
97
98
100
101
104
105
106
109
111
112
115
117
118
120
121
126
130
136
139
140
141
142
144
146
148
149
152
153
154
155
159
160
161
162
163
168
172
173
176
177
178
179
181
185
187
188
190
191
192
193
195
198
199
201
202
203
204
206
207
208
210
212
213
214
215
218
219
220
221
222
224
226
227
228
230
231
233
234
237
238
239
240
242
245
246
247
248
249
250
251
252
254
256
257
258
259
260
264
265
266
267
269
271
272
273
274
278
279
280
281
282
283
284
286
287
288
289
290
291
292
293
294
295
296
301
302
303
304
305
306
307
308
309
310
312
315
317
318
319
323
326
327
328
330
331
334
335
337
339
340
342
344
345
346
347
348
349
351
352
353
354
355
356
357
358
359
360
361
362
363
364
366
367
368
370
371
372
373
374
375
377
380
381
383
384
385
386
389
390
391
392
393
394
395
396
397
400
401
402
404
405
406
409
410
411
412
413
416
419
420
423
428
429
431
433
434
436
437
440
441
443
444
445
446
448
450
451
452
454
455
457
459
460
461
462
463
464
466
467
471
473
474
476
477
478
479
481
482
483
484
485
487
489
490
491
492
493
494
495
496
497
498
500
503
504
506
507
508
510
512
513
515
517
518
520
522
524
525
526
527
528
529
530
531
532
533
536
540
541
543
544
545
548
550
551
552
554
556
557
558
560
561
562
565
566
567
568
569
570
571
575
577
580
581
583
584
586
587
588
590
593
594
596
597
599
601
602
604
605
606
607
608
609
610
612
613
614
617
618
619
621
624
626
629
630
631
632
633
634
635
636
637
639
641
642
643
644
645
646
647
649
651
652
653
655
656
658
659
661
662
663
664
665
666
667
668
669
671
672
674
675
676
677
680
682
683
684
685
687
689
690
691
692
693
694
695
696
697
698
700
701
702
704
705
706
707
709
712
713
714
716
717
718
721
722
725
726
727
728
731
733
734
735
737
740
741
744
745
748
749
750
751
752
753
755
756
757
760
762
764
766
767
769
770
771
772
774
775
777
778
779
780
782
783
784
785
787
788
789
790
792
794
795
796
797
799
800
803
804
805
807
808
810
813
814
815
817
818
819
820
821
822
823
824
825
826
827
828
829
830
831
833
836
838
839
841
842
843
844
845
846
847
849
852
853
855
856
857
858
859
860
863
864
868
869
873
874
876
878
879
880
881
883
884
885
886
887
888
889
891
892
893
896
897
903
905
910
911
912
913
914
916
917
920
922
923
924
925
927
928
929
930
931
933
935
936
937
938
940
944
945
947
949
950
951
953
954
955
958
961
963
964
965
967
968
969
970
971
972
973
976
978
979
980
981
982
987
988
989
990
991
992
993
995
996
997
999
1000
1001
1002
1005
1007
1009
1010
1011
1012
1014
1016
1019
1021
1023
1025
1027
1028
1029
1030
1031
1033
1034
1035
1037
1039
1040
1041
1042
1045
1046
1047
1048
1049
1051
1052
1056
1057
1058
1059
1060
1061
1062
1063
1065
1070
1072
1073
1075
1076
1077
1078
1080
1082
1083
1085
1087
1089
1091
1092
1093
1094
1095
1096
1101
1104
1105
1108
1109
1110
1112
1113
1116
1118
1119
1120
1121
1122
1124
1128
1129
1130
1131
1132
1134
1136
1139
1140
1141
1142
1143
1144
1145
1147
1148
1149
1151
1153
1154
1158
1160
1161
1165
1169
1170
1171
1172
1173
1174
1177
1178
1180
1181
1183
1184
1185
1186
1187
1188
1190
1192
1193
1194
1197
1201
1203
1204
1205
1206
1207
1208
1209
1210
1213
1214
1215
1218
1219
1221
1222
1224
1226
1227
1229
1230
1232
1234
1236
1238
1242
1243
1244
1246
1247
1248
1249
1250
1251
1253
1254
1256
1257
1258
1261
1265
1266
1267
1269
1274
1275
1276
1277
1278
1279
1280
1282
1284
1286
1287
1288
1289
1291
1292
1293
1295
1296
1297
1300
1301
1302
1303
1304
1305
1307
1308
1309
1311
1312
1313
1314
1318
1319
1320
1322
1327
1329
1330
1331
1334
1335
1336
1337
1338
1339
1340
1341
1343
1344
1345
1346
1349
1350
1351
1352
1353
1354
1355
1357
1359
1360
1361
1362
1363
1364
1366
1367
1368
1371
1372
1374
1375
1376
1377
1380
1381
1383
1384
1385
1386
1387
1388
1389
1391
1393
1394
1395
1396
1397
1398
1399
1401
1403
1404
1405
1408
1409
1411
1412
1414
1415
1416
1418
1419
1420
1422
1426
1427
1428
1429
1430
1431
1432
1433
1437
1438
1439
1440
1441
1445
1446
1447
1450
1451
1452
1453
1454
1455
1458
1459
1462
1463
1464
1465
1466
1467
1468
1469
1470
1474
1476
1477
1480
1481
1483
1484
1485
1486
1487
1489
1491
1492
1493
1494
1495
1496
1497
1499
1502
1503
1504
1505
1506
1507
1509
1510
1514
1515
1518
1520
1521
1523
1525
1526
1527
1528
1529
1530
1531
1532
1533
1534
1535
1536
1538
1540
1542
1543
1544
1545
1546
1548
1549
1550
1552
1553
1555
1558
1560
1562
1564
1565
1566
1567
1568
1572
1573
1576
1577
1579
1582
1584
1585
1587
1588
1589
1591
1593
1595
1596
1599
1603
1604
1605
1606
1607
1608
1609
1610
1611
1612
1613
1614
1615
1616
1617
1618
1621
1622
1623
1624
1625
1628
1630
1631
1633
1634
1635
1636
1637
1638
1640
1642
1643
1644
1645
1646
1648
1649
1650
1651
1654
1656
1657
1658
1659
1661
1662
1663
1664
1665
1666
1669
1671
1673
1676
1678
1679
1680
1683
1684
1685
1686
1689
1692
1693
1694
1695
1697
1698
1700
1702
1703
1704
1705
1707
1709
1710
1711
1715
1716
1719
1720
1721
1722
1723
1725
1727
1729
1731
1733
1736
1737
1738
1739
1740
1741
1743
1744
1745
1746
1747
1749
1752
1755
1757
1758
1759
1760
1761
1765
1767
1769
1770
1772
1773
1774
1775
1777
1778
1780
1781
1783
1786
1787
1790
1793
1794
1795
1796
1797
1798
1800
1801
1805
1806
1807
1808
1809
1810
1811
1812
1813
1814
1815
1816
1817
1819
1820
1821
1823
1824
1826
1827
1828
1829
1830
1832
1833
1834
1835
1836
1837
1839
1840
1841
1843
1844
1845
1846
1848
1849
1851
1852
1853
1855
1856
1858
1859
1860
1861
1864
1866
1867
1868
1870
1871
1872
1873
1874
1876
1877
1879
1881
1882
1883
1886
1887
1888
1889
1890
1891
1892
1893
1894
1895
1898
1901
1903
1905
1906
1907
1910
1913
1914
1915
1916
1918
1919
1920
1921
1922
1924
1927
1928
1929
1931
1933
1934
1935
1936
1938
1940
1943
1946
1947
1949
1951
1953
1954
1955
1956
1958
1959
1961
1968
1970
1971
1975
1976
1977
1979
1981
1982
1983
1984
1985
1989
1990
1991
1992
1993
1994
1995
1996
1997
1999
2000
2001
2003
2004
2005
2006
2008
2009
2010
2012
2013
2014
2015
2017
2018
2019
2020
2023
2025
2026
2027
2028
2029
2030
2031
2035
2036
2038
2039
2040
2043
2044
2045
2046
2050
2051
2052
2054
2055
2056
2059
2061
2065
2067
2070
2072
2074
2075
2077
2078
2079
2080
2083
2084
2085
2087
2088
2089
2090
2091
2092
2094
2095
2096
2097
2099
2100
2101
2102
2104
2106
2109
2112
2113
2114
2116
2118
2119
2120
2121
2122
2125
2126
2127
2128
2129
2130
2131
2132
2133
2134
2136
2137
2139
2141
2142
2145
2146
2147
2148
2150
2151
2152
2153
2154
2155
2156
2158
2159
2161
2163
2164
2167
2168
2169
2170
2171
2172
2173
2174
2176
2177
2178
2180
2183
2184
2185
2187
2188
2189
2190
2191
2192
2193
2195
2199
2203
2206
2208
2210
2211
2212
2213
2214
2217
2218
2219
2221
2222
2223
2224
2226
2228
2229
2230
2231
2232
2233
2238
2239
2240
2241
2242
2243
2244
2246
2248
2250
2251
2252
2253
2254
2255
2257
2258
2261
2262
2263
2265
2267
2268
2269
2270
2271
2272
2273
2274
2275
2276
2280
2281
2282
2283
2285
2286
2287
2288
2293
2295
2297
2299
2300
2301
2302
2303
2304
2306
2307
2308
2310
2312
2313
2315
2316
2317
2318
2319
2320
2321
2323
2324
2326
2327
2328
2329
2330
2332
2336
2337
2338
2340
2341
2342
2344
2345
2346
2348
2349
2351
2352
2353
2354
2355
2356
2358
2359
2360
2361
2364
2366
2367
2368
2369
2370
2371
2375
2377
2378
2379
2380
2382
2383
2385
2386
2387
2388
2389
2390
2391
2392
2393
2395
2396
2397
2398
2401
2402
2403
2406
2407
2409
2410
2411
2412
2414
2416
2418
2419
2420
2421
2422
2423
2424
2427
2430
2432
2433
2434
2435
2436
2437
2438
2439
2441
2442
2443
2445
2449
2452
2453
2456
2457
2459
2461
2466
2467
2468
2469
2470
2471
2472
2475
2476
2478
2479
2481
2482
2483
2484
2485
2487
2490
2491
2492
2493
2494
2496
2498
2499
2500
2501
2505
2507
2508
2509
2510
2511
2512
2514
2516
2517
2518
2520
2521
2523
2526
2527
2528
2529
2531
2532
2533
2535
2536
2537
2538
2539
2541
2542
2543
2544
2546
2547
2548
2549
2550
2554
2556
2558
2560
2561
2562
2563
2565
2566
2567
2568
2570
2571
2572
2574
2575
2581
2584
2586
2589
2590
2591
2593
2594
2595
2596
2598
2599
2600
2601
2603
2604
2606
2608
2609
2610
2611
2613
2615
2618
2619
2621
2622
2623
2624
2626
2628
2631
2633
2634
2636
2637
2638
2639
2640
2642
2643
2644
2645
2646
2650
2651
2652
2653
2655
2656
2657
2658
2660
2663
2664
2665
2667
2669
2672
2673
2675
2678
2679
2680
2682
2683
2684
2685
2687
2688
2689
2692
2693
2695
2696
2697
2701
2702
2703
2705
2706
2709
2710
2711
2712
2714
2715
2716
2718
2720
2721
2722
2723
2724
2725
2726
2727
2729
2732
2733
2735
2736
2737
2738
2740
2743
2744
2746
2747
2748
2749
2750
2751
2752
2753
2755
2756
2757
2760
2761
2764
2765
2766
2769
2770
2771
2772
2773
2774
2775
2776
2777
2778
2780
2781
2782
2784
2786
2787
2788
2789
2791
2792
2793
2794
2795
2797
2798
2799
2800
2801
2805
2806
2809
2811
2813
2815
2817
2822
2823
2826
2827
2829
2830
2831
2833
2834
2836
2837
2838
2840
2844
2846
2849
2850
2851
2856
2857
2860
2862
2864
2865
2866
2867
2870
2871
2872
2873
2874
2877
2878
2879
2880
2881
2882
2884
2885
2886
2888
2890
2893
2897
2898
2899
2900
2901
2904
2905
2906
2907
2909
2911
2912
2916
2917
2918
2919
2920
2921
2923
2924
2926
2928
2930
2931
2933
2935
2936
2937
2938
2940
2941
2942
2943
2944
2945
2946
2948
2953
2954
2955
2958
2959
2960
2961
2963
2967
2968
2970
2973
2974
2975
2976
2978
2979
2981
2982
2984
2986
2988
2989
2991
2993
2994
2995
2996
2998
2999
